513.2908096313477 922.4384918212891
513.2908096313477 926.9514923095703
513.2908096313477 931.4644927978516
513.2908096313477 935.9774932861328
513.2908096313477 940.4903869628906
513.2908096313477 945.0033874511719
513.2908096313477 949.5163879394531
513.2908096313477 954.0293884277344
513.2908096313477 958.5423889160156
513.2908096313477 963.0553894042969
513.2908096313477 967.5683898925781
513.2908096313477 972.0812835693359
513.2908096313477 976.5942840576172
511.36734771728516 979.1838226318359
506.8543472290039 979.1838226318359
502.34134674072266 979.1838226318359
497.8283996582031 979.1838226318359
499.2724380493164 974.9671173095703
500.08890533447266 970.5324096679688
500.3535842895508 966.0294494628906
500.15699768066406 961.5228576660156
499.42891693115234 957.0724487304688
498.03577423095703 952.7855682373047
495.86910247802734 948.8357849121094
492.9152297973633 945.4360809326172
489.2612609863281 942.8061676025391
485.0913391113281 941.1059417724609
480.6566848754883 940.3052825927734
476.1482238769531 940.2509155273438
471.69065856933594 940.9156036376953
467.45822525024414 942.455078125
463.69918060302734 944.9324645996094
460.62359619140625 948.2215118408203
458.33545303344727 952.1019744873047
456.83055877685547 956.3504028320312
456.00730895996094 960.783935546875
455.7341651916504 965.2863616943359
455.91844177246094 969.7935943603516
456.6307678222656 974.2465667724609
457.9998245239258 978.5412445068359
456.4113235473633 980.3992309570312
451.8983497619629 980.3992309570312
447.3853759765625 980.3992309570312
442.87237548828125 980.3992309570312
444.4969253540039 976.3029022216797
445.51131439208984 971.9097442626953
445.93284606933594 967.4190673828125
445.87789154052734 962.9083099365234
445.3269577026367 958.4320526123047
444.15312576293945 954.0793762207031
442.2320137023926 950.003662109375
439.51422119140625 946.4119110107422
436.062686920166 943.5206298828125
432.0247573852539 941.5287017822266
427.64690017700195 940.4647521972656
423.1465835571289 940.1967620849609
418.6591110229492 940.6244354248047
414.3331642150879 941.8805389404297
410.40135192871094 944.0738067626953
407.0986862182617 947.13427734375
404.56364822387695 950.8574066162109
402.82443618774414 955.0147247314453
401.80534744262695 959.4068145751953
401.37684631347656 963.8968505859375
401.4206123352051 968.40771484375
401.95632553100586 972.8858947753906
403.10916900634766 977.2442321777344
404.99983978271484 981.3343658447266
404.37133407592773 983.4088592529297
399.8583335876465 983.4088592529297
395.3453063964844 983.4088592529297
390.8323059082031 983.4088592529297
386.3193054199219 983.4088592529297
388.5587158203125 979.7628479003906
389.856876373291 975.4547119140625
390.1246528625488 970.9570922851562
389.45654678344727 966.5043334960938
387.64555740356445 962.3881378173828
384.72976303100586 958.9630126953125
380.9593963623047 956.5100860595703
376.68944549560547 955.0774230957031
380.6486282348633 953.8060455322266
384.2568550109863 951.1476135253906
386.51514434814453 947.2732391357422
387.3918266296387 942.8602142333984
387.24803161621094 938.3584289550781
385.9376678466797 934.058837890625
383.29039764404297 930.4316253662109
379.6293258666992 927.8197631835938
375.4233283996582 926.2089385986328
370.98822021484375 925.3992004394531
366.4831771850586 925.1731872558594
361.97017669677734 925.1731872558594
357.4571762084961 925.1731872558594
352.944149017334 925.1731872558594
348.4312286376953 925.1731872558594
344.1724662780762 925.4273986816406
344.1724662780762 929.9403991699219
344.1724662780762 934.4533996582031
344.1724662780762 938.9664001464844
344.1724662780762 943.4795074462891
344.1724662780762 947.9925079345703
344.1724662780762 952.5054016113281
344.1724662780762 957.0184020996094
344.1724662780762 961.5314025878906
344.1724662780762 966.0444030761719
344.1724662780762 970.5574035644531
344.1724662780762 975.0705108642578
344.1724662780762 979.5834045410156
344.1724662780762 984.0964050292969
344.1724662780762 988.6092987060547
347.3131523132324 989.9816131591797
351.8261260986328 989.9816131591797
356.3390464782715 989.9816131591797
360.85204696655273 989.9816131591797
365.365047454834 989.9816131591797
369.87697982788086 989.918701171875
374.359432220459 989.4185028076172
378.71993255615234 988.2764739990234
382.7686233520508 986.3047332763672
386.3071823120117 985.0077209472656
390.8201560974121 985.0077209472656
395.33315658569336 985.0077209472656
399.84618377685547 985.0077209472656
404.35915756225586 985.0077209472656
408.53960037231445 985.8104095458984
412.1565589904785 988.4909515380859
416.3031692504883 990.246826171875
420.72807693481445 991.0989685058594
425.2355766296387 991.1996917724609
429.70051193237305 990.5848846435547
433.95278549194336 989.1005249023438
437.7459831237793 986.6753692626953
440.86661529541016 983.4289398193359
444.58667373657227 981.9112548828125
449.09959411621094 981.9112548828125
453.6125679016113 981.9112548828125
458.12559509277344 981.9112548828125
461.44898223876953 984.2498931884766
464.74067306518555 987.3220062255859
468.66527557373047 989.5280914306641
472.9874038696289 990.7969055175781
477.4738082885742 991.2349395751953
481.97484588623047 990.9773101806641
486.3555603027344 989.9252166748047
490.3999252319336 987.9462127685547
493.8614730834961 985.0670013427734
496.58153533935547 981.4772796630859
500.53895568847656 980.5221710205078
505.0518493652344 980.5221710205078
509.5648498535156 980.5221710205078
513.2908096313477 981.3092651367188
513.2908096313477 985.8221588134766
513.6444625854492 989.9816131591797
518.1574630737305 989.9816131591797
521.3213272094727 988.6324768066406
521.3213272094727 984.1195831298828
523.0590972900391 985.2312774658203
526.3285980224609 988.3210144042969
530.3632965087891 990.3026885986328
534.7847595214844 991.1565399169922
539.2900695800781 991.1005706787109
543.6587677001953 990.0196380615234
547.5845184326172 987.8216705322266
550.8311080932617 984.7018127441406
553.3639831542969 980.9752655029297
555.1530227661133 976.8386688232422
556.2399368286133 972.4629211425781
556.7288665771484 967.9792938232422
556.7295608520508 963.4682159423828
556.2422866821289 958.984375
555.1575088500977 954.6082000732422
553.3708724975586 950.4704284667969
550.8401870727539 946.7424926757812
547.595947265625 943.6200714111328
543.6723861694336 941.4182586669922
539.3045425415039 940.3343353271484
534.799446105957 940.2769775390625
530.3809204101562 941.1438598632812
526.3459014892578 943.1295928955078
523.0620880126953 946.2027740478516
521.3213272094727 947.3141479492188
521.3213272094727 942.8011474609375
521.3213272094727 938.2882537841797
521.3213272094727 933.7752532958984
521.3213272094727 929.2622528076172
521.3213272094727 924.7492523193359
519.1189804077148 922.4384918212891
514.6059265136719 922.4384918212891
356.1388282775879 932.37890625
360.652042388916 932.37890625
365.16498947143555 932.37890625
369.66677474975586 932.6245727539062
373.9812126159668 933.8815307617188
377.3133850097656 936.837646484375
378.60169219970703 941.1168365478516
378.1678237915039 945.5840148925781
375.7376480102539 949.3103485107422
371.7107734680176 951.2663879394531
367.2491760253906 951.8851470947266
362.7365493774414 951.9127044677734
358.22354888916016 951.9127044677734
353.71052169799805 951.9127044677734
352.94091796875 948.1692810058594
352.94091796875 943.6563873291016
352.94091796875 939.1433868408203
352.94091796875 934.6303863525391
537.1607284545898 947.0498962402344
541.3707046508789 948.5907592773438
544.6543045043945 951.6480255126953
546.840576171875 955.5797576904297
548.03173828125 959.9246368408203
548.4737243652344 964.4122161865234
548.3637619018555 968.9213714599609
547.6378173828125 973.3704986572266
546.0635757446289 977.5891265869141
543.4298706054688 981.2320404052734
539.6880493164062 983.6994934082031
535.2804183959961 984.5508880615234
530.8286743164062 983.9525299072266
526.9229507446289 981.7537078857422
524.09228515625 978.2665252685547
522.3657836914062 974.1087799072266
521.523681640625 969.6808013916016
521.3250122070312 965.1750640869141
521.6597595214844 960.6780853271484
522.6951904296875 956.2924041748047
524.6840209960938 952.2562103271484
527.7914886474609 949.0160827636719
531.8879776000977 947.1968688964844
425.1201934814453 947.0348358154297
429.43431091308594 948.2661590576172
432.9597854614258 951.0398406982422
435.4116439819336 954.8113555908203
436.8385124206543 959.0830688476562
437.43753814697266 963.5514221191406
437.42749786376953 968.0616455078125
436.8050003051758 972.5267944335938
435.35153579711914 976.7894287109375
432.86365509033203 980.5356292724609
429.2917175292969 983.2486419677734
424.9582939147949 984.4131011962891
420.471622467041 984.1300506591797
416.3629035949707 982.3334808349609
413.21070861816406 979.13671875
411.1817436218262 975.1203918457031
410.11325454711914 970.7430419921875
409.7659034729004 966.2468109130859
409.9776039123535 961.7413940429688
410.8685188293457 957.3234558105469
412.6822052001953 953.2041625976562
415.5713768005371 949.7617340087891
419.4882354736328 947.5802154541016
478.32899475097656 946.966796875
482.74388885498047 947.7847595214844
486.52918243408203 950.1876983642578
489.2623825073242 953.7576599121094
490.94439697265625 957.9336700439453
491.7372589111328 962.3703002929688
491.87264251708984 966.8784942626953
491.4293746948242 971.3656463623047
490.21781158447266 975.7049713134766
488.0118865966797 979.6259155273438
484.71717834472656 982.6744232177734
480.5226364135742 984.2610015869141
476.02693939208984 984.3385467529297
471.7577896118164 982.9591827392578
468.3180847167969 980.0782623291016
466.0033187866211 976.2224731445312
464.70451736450195 971.9092102050781
464.190486907959 967.4299621582031
464.2561492919922 962.920166015625
464.94673919677734 958.4654846191406
466.49507904052734 954.2373504638672
469.09759521484375 950.5708312988281
472.7718048095703 947.9994506835938
477.1455764770508 946.9898681640625
356.5558738708496 959.0315856933594
361.06884765625 959.0315856933594
365.5820083618164 959.0315856933594
370.08942794799805 959.1887054443359
374.47585678100586 960.1938018798828
378.2168502807617 962.6495056152344
380.35759353637695 966.5733337402344
380.8945083618164 971.0391235351562
380.264347076416 975.4911346435547
378.0140953063965 979.3536529541016
374.2116584777832 981.7122650146484
369.80888748168945 982.6477203369141
365.3002128601074 982.7758941650391
360.7872123718262 982.7758941650391
356.2742118835449 982.7758941650391
352.94091796875 981.5961608886719
352.94091796875 977.0831604003906
352.94091796875 972.5704803466797
352.94091796875 968.057373046875
352.94091796875 963.5445861816406
