733.052001953125 20
722.8030395507812 20
712.5540771484375 20
702.3050537109375 20
692.0560913085938 20
681.80712890625 20
671.5581665039062 20
661.3091430664062 20
651.0601806640625 20
640.8112182617188 20
630.562255859375 20
620.313232421875 20
610.0642700195312 20
599.8153076171875 20
589.5663452148438 20
579.3173828125 20
569.068359375 20
558.8193969726562 20
548.5704345703125 20
538.3214721679688 20
528.0724792480469 20
517.823486328125 20
507.57452392578125 20
497.3255615234375 20
487.0765686035156 20
476.8276062011719 20
466.57861328125 20
456.32965087890625 20
446.0806579589844 20
435.8316955566406 20
425.58270263671875 20
415.333740234375 20
405.0847473144531 20
394.8357849121094 20
384.5868225097656 20
374.33782958984375 20
364.0888671875 20
353.8398742675781 20
343.5909118652344 20
333.3419189453125 20
323.09295654296875 20
312.8439636230469 20
302.5950012207031 20
292.34600830078125 20
282.0970458984375 20
271.84808349609375 20
261.5990905761719 20
251.35012817382812 20
241.10113525390625 20
230.8521728515625 20
220.60321044921875 20
210.35418701171875 20
200.105224609375 20
189.85626220703125 20
179.6072998046875 20
169.3582763671875 20
159.10931396484375 20
148.8603515625 20
138.61138916015625 20
128.3624267578125 20
118.1134033203125 20
107.8673095703125 20.067207120358944
101.00846862792969 26.72993803024292
100.90799713134766 36.973594665527344
100.90799713134766 47.22260856628418
100.90799713134766 57.471580505371094
100.90799713134766 67.72053527832031
100.90799713134766 77.96949768066406
100.90799713134766 88.218505859375
100.90799713134766 98.4675064086914
100.90799713134766 108.71646881103516
100.90799713134766 118.9654312133789
100.90799713134766 129.21439361572266
100.90799713134766 139.46341705322266
100.90799713134766 149.71240234375
100.90799713134766 159.96141052246094
100.90799713134766 170.2103729248047
100.90799713134766 180.4593963623047
100.90799713134766 190.70835876464844
100.90799713134766 200.9573211669922
100.90799713134766 211.20628356933594
100.90799713134766 221.4552459716797
100.90799713134766 231.7042694091797
100.90799713134766 241.95323181152344
100.90799713134766 252.2021942138672
100.90799713134766 262.45115661621094
100.90799713134766 272.70018005371094
100.90799713134766 282.94903564453125
100.90799713134766 293.1979675292969
100.90799713134766 303.4469299316406
100.90799713134766 313.6958923339844
100.90799713134766 323.9449157714844
100.90799713134766 334.1938781738281
100.90799713134766 344.4428405761719
100.90799713134766 354.6918029785156
100.90799713134766 364.9408264160156
100.90799713134766 375.1897888183594
100.90799713134766 385.4387512207031
100.90799713134766 395.6877136230469
100.90799713134766 405.9367370605469
100.90799713134766 416.1856384277344
100.90799713134766 426.4346618652344
100.90799713134766 436.6836853027344
100.90799713134766 446.9325866699219
100.90799713134766 457.1816101074219
100.90799713134766 467.4305114746094
100.90799713134766 477.6795349121094
100.90799713134766 487.9285583496094
100.90799713134766 498.1774597167969
100.90799713134766 508.4264831542969
100.90799713134766 518.6755065917969
100.90799713134766 528.9244384765625
100.90799713134766 539.17333984375
100.90799713134766 549.4222412109375
100.90799713134766 559.6712646484375
100.90799713134766 569.9202880859375
100.90799713134766 580.169189453125
100.90799713134766 590.418212890625
100.90799713134766 600.6671142578125
100.90799713134766 610.9161376953125
100.90799713134766 621.1651611328125
100.90799713134766 631.4140625
100.90799713134766 641.6630859375
100.90799713134766 651.912109375
100.90799713134766 662.1610107421875
100.90799713134766 672.4100341796875
100.90799713134766 682.658935546875
100.90799713134766 692.907958984375
100.90799713134766 703.156982421875
100.90799713134766 713.4058837890625
100.90799713134766 723.6549072265625
100.90799713134766 733.90380859375
100.90799713134766 744.15283203125
100.90799713134766 754.40185546875
100.90799713134766 764.6507568359375
100.90799713134766 774.8997802734375
100.90799713134766 785.148681640625
100.90799713134766 795.397705078125
100.90799713134766 805.646728515625
101.1392593383789 815.8770141601562
108.52486419677734 821.9508056640625
118.77372741699219 821.9600219726562
129.02263641357422 821.9600219726562
139.2716522216797 821.9600219726562
149.5205535888672 821.9600219726562
159.7695770263672 821.9600219726562
170.01861572265625 821.9600219726562
180.26754760742188 821.9600219726562
190.51657104492188 821.9600219726562
200.76547241210938 821.9600219726562
211.01449584960938 821.9600219726562
221.26351928710938 821.9600219726562
231.51242065429688 821.9600219726562
241.761474609375 821.9600219726562
252.010498046875 821.9600219726562
262.2593994140625 821.9600219726562
272.5084228515625 821.9600219726562
282.75732421875 821.9600219726562
293.00634765625 821.9600219726562
303.25537109375 821.9600219726562
313.5042724609375 821.9600219726562
323.7530517578125 821.9600219726562
334.0029296875 821.9600219726562
344.2518310546875 821.9600219726562
354.5009460449219 821.9600219726562
364.7495422363281 821.9600219726562
374.9985656738281 821.9600219726562
385.2475891113281 821.9600219726562
395.4966125488281 821.9600219726562
405.7456359863281 821.9600219726562
415.9944152832031 821.9600219726562
426.2434387207031 821.9600219726562
436.4924621582031 821.9600219726562
446.7414855957031 821.9600219726562
456.9905090332031 821.9600219726562
467.2392883300781 821.9600219726562
477.4883117675781 821.9600219726562
487.7373352050781 821.9600219726562
497.9863586425781 821.9600219726562
508.2353820800781 821.9600219726562
518.4841613769531 821.9600219726562
528.7331848144531 821.9600219726562
538.9822387695312 821.9600219726562
549.2312622070312 821.9600219726562
559.4802856445312 821.9600219726562
569.7293090820312 821.9600219726562
579.9780883789062 821.9600219726562
590.2271118164062 821.9600219726562
600.4761352539062 821.9600219726562
610.7250366210938 821.9600219726562
620.973876953125 821.9600219726562
631.22265625 821.9600219726562
641.4716796875 821.9600219726562
651.720703125 821.9600219726562
661.9697265625 821.9600219726562
672.21875 821.9600219726562
682.467529296875 821.9600219726562
692.716552734375 821.9600219726562
702.965576171875 821.9600219726562
713.214599609375 821.9600219726562
723.46337890625 821.9600219726562
733.711669921875 821.9330444335938
740.8821411132812 815.6068115234375
741.052001953125 805.3695068359375
741.052001953125 795.1204833984375
741.052001953125 784.8717041015625
741.052001953125 774.6226806640625
741.052001953125 764.3736572265625
741.052001953125 754.1246337890625
741.052001953125 743.8756103515625
741.052001953125 733.6268310546875
741.052001953125 723.3778076171875
741.052001953125 713.1287841796875
741.052001953125 702.8797607421875
741.052001953125 692.6307373046875
741.052001953125 682.3819580078125
741.052001953125 672.1329345703125
741.052001953125 661.8839111328125
741.052001953125 651.6348876953125
741.052001953125 641.3858642578125
741.052001953125 631.1368408203125
741.052001953125 620.8880615234375
741.052001953125 610.6390380859375
741.052001953125 600.3900146484375
741.052001953125 590.1409912109375
741.052001953125 579.8919677734375
741.052001953125 569.64306640625
741.052001953125 559.3941040039062
741.052001953125 549.1451416015625
741.052001953125 538.8961181640625
741.052001953125 528.6470642089844
741.052001953125 518.3982849121094
741.052001953125 508.1492614746094
741.052001953125 497.9002380371094
741.052001953125 487.6512145996094
741.052001953125 477.4021911621094
741.052001953125 467.1534118652344
741.052001953125 456.9043884277344
741.052001953125 446.6553649902344
741.052001953125 436.4063415527344
741.052001953125 426.1566467285156
741.052001953125 415.9078674316406
741.052001953125 405.6588439941406
741.052001953125 395.4098205566406
741.052001953125 385.1607971191406
741.052001953125 374.9117736816406
741.052001953125 364.6627502441406
741.052001953125 354.4139709472656
741.052001953125 344.1649475097656
741.052001953125 333.9159240722656
741.052001953125 323.6669006347656
741.052001953125 313.41790771484375
741.052001953125 303.16937255859375
741.052001953125 292.9202880859375
741.052001953125 282.6712646484375
741.052001953125 272.4222412109375
741.052001953125 262.1732177734375
741.052001953125 251.9244384765625
741.052001953125 241.6754150390625
741.052001953125 231.4263916015625
741.052001953125 221.1773681640625
741.052001953125 210.9288330078125
741.052001953125 200.6798095703125
741.052001953125 190.4307861328125
741.052001953125 180.1817626953125
741.052001953125 169.9327392578125
741.052001953125 159.6837158203125
741.052001953125 149.4349365234375
741.052001953125 139.1859130859375
741.052001953125 128.9368896484375
741.052001953125 118.6878662109375
741.052001953125 108.4388427734375
741.052001953125 98.1900634765625
741.052001953125 87.9410400390625
741.052001953125 77.6920166015625
741.052001953125 67.4429931640625
741.052001953125 57.1939697265625
741.052001953125 46.9449462890625
741.052001953125 36.6961669921875
740.903076171875 26.456730842590332
733.81689453125 20.03616239503026
715.5689697265625 805.9600219726562
705.3199462890625 805.9600219726562
695.0711669921875 805.9600219726562
684.8221435546875 805.9600219726562
674.5731201171875 805.9600219726562
664.3240966796875 805.9600219726562
654.0750732421875 805.9600219726562
643.8262939453125 805.9600219726562
633.5772705078125 805.9600219726562
623.3282470703125 805.9600219726562
613.0792236328125 805.9600219726562
602.8302001953125 805.9600219726562
592.5814208984375 805.9600219726562
582.3323974609375 805.9600219726562
572.0833740234375 805.9600219726562
561.8343505859375 805.9600219726562
551.5853271484375 805.9600219726562
541.3365478515625 805.9600219726562
531.0875244140625 805.9600219726562
520.8385009765625 805.9600219726562
510.58953857421875 805.9600219726562
500.34033203125 805.9600219726562
490.09161376953125 805.9600219726562
479.8426513671875 805.9600219726562
469.59375 805.9600219726562
459.3447265625 805.9600219726562
449.095703125 805.9600219726562
438.8466796875 805.9600219726562
428.597900390625 805.9600219726562
418.348876953125 805.9600219726562
408.099853515625 805.9600219726562
397.850830078125 805.9600219726562
387.601806640625 805.9600219726562
377.35302734375 805.9600219726562
367.10400390625 805.9600219726562
356.85498046875 805.9600219726562
346.60595703125 805.9600219726562
336.35693359375 805.9600219726562
326.108154296875 805.9600219726562
315.859130859375 805.9600219726562
305.610107421875 805.9600219726562
295.361083984375 805.9600219726562
285.112060546875 805.9600219726562
274.86328125 805.9600219726562
264.6142578125 805.9600219726562
254.365234375 805.9600219726562
244.1162109375 805.9600219726562
233.8671875 805.9600219726562
223.61834716796875 805.9600219726562
213.36941528320312 805.9600219726562
203.120361328125 805.9600219726562
192.871337890625 805.9600219726562
182.622314453125 805.9600219726562
172.373291015625 805.9600219726562
162.12451171875 805.9600219726562
151.87548828125 805.9600219726562
141.62646484375 805.9600219726562
131.37744140625 805.9600219726562
121.129150390625 805.9600219726562
116.90799713134766 799.9326171875
116.90799713134766 789.68359375
116.90799713134766 779.4345703125
116.90799713134766 769.185546875
116.90799713134766 758.9365234375
116.90799713134766 748.687744140625
116.90799713134766 738.438720703125
116.90799713134766 728.189697265625
116.90799713134766 717.940673828125
116.90799713134766 707.691650390625
116.90799713134766 697.44287109375
116.90799713134766 687.19384765625
116.90799713134766 676.94482421875
116.90799713134766 666.69580078125
116.90799713134766 656.44677734375
116.90799713134766 646.197998046875
116.90799713134766 635.948974609375
116.90799713134766 625.699951171875
116.90799713134766 615.450927734375
116.90799713134766 605.201904296875
116.90799713134766 594.953125
116.90799713134766 584.7041015625
116.90799713134766 574.455078125
116.90799713134766 564.2060546875
116.90799713134766 553.95703125
116.90799713134766 543.7080078125
116.90799713134766 533.459228515625
116.90799713134766 523.210205078125
116.90799713134766 512.961181640625
116.90799713134766 502.712158203125
116.90799713134766 492.463134765625
116.90799713134766 482.21435546875
116.90799713134766 471.96533203125
116.90799713134766 461.71630859375
116.90799713134766 451.46728515625
116.90799713134766 441.21826171875
116.90799713134766 430.969482421875
116.90799713134766 420.720458984375
116.90799713134766 410.471435546875
116.90799713134766 400.22222900390625
116.90799713134766 389.972900390625
116.90799713134766 379.72412109375
116.90799713134766 369.47509765625
116.90799713134766 359.22607421875
116.90799713134766 348.97705078125
116.90799713134766 338.72802734375
116.90799713134766 328.479248046875
116.90799713134766 318.230224609375
116.90799713134766 307.981201171875
116.90799713134766 297.732177734375
116.90799713134766 287.483154296875
116.90799713134766 277.234130859375
116.90799713134766 266.9853515625
116.90799713134766 256.736328125
116.90799713134766 246.4873046875
116.90799713134766 236.23828125
116.90799713134766 225.9892578125
116.90799713134766 215.740478515625
116.90799713134766 205.491455078125
116.90799713134766 195.242431640625
116.90799713134766 184.99365234375
116.90799713134766 174.744873046875
116.90799713134766 164.495361328125
116.90799713134766 154.246337890625
116.90799713134766 143.997314453125
116.90799713134766 133.748291015625
116.90799713134766 123.499267578125
116.90799713134766 113.250244140625
116.90799713134766 103.001220703125
116.90799713134766 92.752197265625
116.90799713134766 82.503662109375
116.90799713134766 72.254638671875
116.90799713134766 62.005615234375
116.90799713134766 51.756591796875
116.90799713134766 41.507568359375
121.64945220947266 36
131.89847564697266 36
142.14749908447266 36
152.39651489257812 36
162.64553833007812 36
172.89407348632812 36
183.14309692382812 36
193.39212036132812 36
203.64114379882812 36
213.89016723632812 36
224.13919067382812 36
234.38821411132812 36
244.63723754882812 36
254.88626098632812 36
265.1352844238281 36
275.3838195800781 36
285.6328430175781 36
295.8818664550781 36
306.1308898925781 36
316.3799133300781 36
326.6289367675781 36
336.8779602050781 36
347.1269836425781 36
357.3760070800781 36
367.6250305175781 36
377.8739929199219 36
388.1225280761719 36
398.3715515136719 36
408.6205749511719 36
418.8695983886719 36
429.1186218261719 36
439.3676452636719 36
449.6166687011719 36
459.8656921386719 36
470.1147155761719 36
480.3637390136719 36
490.6122741699219 36
500.8612976074219 36
511.1103210449219 36
521.3593444824219 36
531.6083679199219 36
541.857421875 36
552.1064453125 36
562.35546875 36
572.6044921875 36
582.853515625 36
593.1025390625 36
603.35205078125 36
613.60107421875 36
623.85009765625 36
634.09912109375 36
644.34814453125 36
654.59716796875 36
664.84619140625 36
675.09521484375 36
685.34423828125 36
695.59326171875 36
705.841796875 36
716.0908203125 36
725.052001953125 37.287841796875
725.052001953125 47.536865234375
725.052001953125 57.785888671875
725.052001953125 68.034912109375
725.052001953125 78.283935546875
725.052001953125 88.532470703125
725.052001953125 98.781005859375
725.052001953125 109.030029296875
725.052001953125 119.278564453125
725.052001953125 129.527587890625
725.052001953125 139.776611328125
725.052001953125 150.025634765625
725.052001953125 160.274658203125
725.052001953125 170.523681640625
725.052001953125 180.772705078125
725.052001953125 191.021728515625
725.052001953125 201.270751953125
725.052001953125 211.519775390625
725.052001953125 221.768798828125
725.052001953125 232.017333984375
725.052001953125 242.266357421875
725.052001953125 252.515380859375
725.052001953125 262.764404296875
725.052001953125 273.013427734375
725.052001953125 283.262451171875
725.052001953125 293.511474609375
725.052001953125 303.760498046875
725.052001953125 314.009521484375
725.052001953125 324.258544921875
725.052001953125 334.507080078125
725.052001953125 344.756103515625
725.052001953125 355.005126953125
725.052001953125 365.254150390625
725.052001953125 375.503173828125
725.052001953125 385.752197265625
725.052001953125 396.001220703125
725.052001953125 406.250244140625
725.052001953125 416.499267578125
725.052001953125 426.748291015625
725.052001953125 436.996826171875
725.052001953125 447.245849609375
725.052001953125 457.49493408203125
725.052001953125 467.74395751953125
725.052001953125 477.99298095703125
725.052001953125 488.24200439453125
725.052001953125 498.49102783203125
725.052001953125 508.74005126953125
725.052001953125 518.9890747070312
725.052001953125 529.2380981445312
725.052001953125 539.4871215820312
725.052001953125 549.7356567382812
725.052001953125 559.9846801757812
725.052001953125 570.2337036132812
725.052001953125 580.4827270507812
725.052001953125 590.7317504882812
725.052001953125 600.9807739257812
725.052001953125 611.2297973632812
725.052001953125 621.4788208007812
725.052001953125 631.7278442382812
725.052001953125 641.9768676757812
725.052001953125 652.2254028320312
725.052001953125 662.4744262695312
725.052001953125 672.7234497070312
725.052001953125 682.9724731445312
725.052001953125 693.2214965820312
725.052001953125 703.4705200195312
725.052001953125 713.7200317382812
725.052001953125 723.9690551757812
725.052001953125 734.2180786132812
725.052001953125 744.4671020507812
725.052001953125 754.7156372070312
725.052001953125 764.9646606445312
725.052001953125 775.2136840820312
725.052001953125 785.4627075195312
725.052001953125 795.7117309570312
398.2200012207031 277.7959899902344
405.9393310546875 271.9038543701172
406.2200012207031 261.49359130859375
406.2200012207031 251.0584259033203
411.7434997558594 246.39175415039062
422.1679382324219 246.7449951171875
429.13177490234375 239.98284912109375
424.4490051269531 231.47482299804688
414.1151123046875 230.47996520996094
403.6897888183594 230.0266876220703
393.57293701171875 231.28182983398438
390.22198486328125 240.6226043701172
390.22198486328125 251.0577392578125
390.22198486328125 261.49285888671875
390.5017395019531 271.90321350097656
392.3500061035156 629.6119995117188
383.025390625 629.0193481445312
379.5008544921875 637.6727905273438
385.91534423828125 645.025634765625
393.6304626464844 651.35205078125
401.3455810546875 657.678466796875
409.06072998046875 664.0048828125
416.7758483886719 670.331298828125
424.490966796875 676.6576538085938
432.2060852050781 682.9840698242188
441.5306091308594 683.5767211914062
445.0552062988281 674.92333984375
438.6407775878906 667.5704956054688
430.9256286621094 661.2440795898438
423.21051025390625 654.9176635742188
415.495361328125 648.5912475585938
407.7803039550781 642.2648315429688
400.0651550292969 635.9384155273438
553.56201171875 459.802001953125
543.4051513671875 460.0033264160156
533.3555297851562 461.4754943847656
523.6190185546875 464.36083984375
514.4479370117188 468.7185974121094
506.0936279296875 474.4893798828125
498.7516784667969 481.5043029785156
492.53753662109375 489.5368957519531
487.50750732421875 498.360595703125
483.7193908691406 507.7843322753906
481.35595703125 517.6587524414062
479.70916748046875 527.6890869140625
478.0624084472656 537.7193603515625
476.4156494140625 547.7496337890625
474.7688903808594 557.7799682617188
473.12213134765625 567.8102416992188
471.475341796875 577.840576171875
470.55267333984375 587.8856811523438
477.98651123046875 593.7940673828125
485.8277893066406 588.4406127929688
487.59124755859375 578.4364624023438
489.23785400390625 568.4061889648438
490.8844909667969 558.3757934570312
492.5310974121094 548.345458984375
494.1777038574219 538.3151245117188
495.8243103027344 528.2847900390625
497.51312255859375 518.2621459960938
500.5385437011719 508.5712585449219
505.13043212890625 499.5167541503906
511.27545166015625 491.4398193359375
518.9259033203125 484.7767333984375
527.8251953125 479.9063415527344
537.5370483398438 476.96142578125
547.6229248046875 475.79150390625
557.5476684570312 474.5476989746094
560.99951171875 465.7032775878906
179.6820068359375 735.9660034179688
185.386474609375 743.6315307617188
195.59397888183594 743.9660034179688
205.83392333984375 743.9660034179688
216.07383728027344 743.9660034179688
226.31378173828125 743.9660034179688
236.5537109375 743.9660034179688
246.79364013671875 743.9660034179688
257.03363037109375 743.9660034179688
267.2735595703125 743.9660034179688
277.51348876953125 743.9660034179688
287.7534484863281 743.9660034179688
297.9933776855469 743.9660034179688
308.2333984375 743.9660034179688
318.47332763671875 743.9660034179688
328.7132568359375 743.9660034179688
338.9532165527344 743.9660034179688
349.1931457519531 743.9660034179688
359.43310546875 743.9660034179688
369.67303466796875 743.9660034179688
379.9129638671875 743.9660034179688
390.15289306640625 743.9660034179688
400.3928527832031 743.9660034179688
410.6328125 743.9660034179688
420.87274169921875 743.9660034179688
431.1126708984375 743.9660034179688
441.3526611328125 743.9660034179688
451.5925598144531 743.9660034179688
461.8324890136719 743.9660034179688
472.07244873046875 743.9660034179688
482.3123779296875 743.9660034179688
492.55230712890625 743.9660034179688
502.7922668457031 743.9660034179688
513.0321960449219 743.9660034179688
523.2721252441406 743.9660034179688
533.5120849609375 743.9660034179688
543.7520141601562 743.9660034179688
553.991943359375 743.9660034179688
564.23193359375 743.9660034179688
574.4718017578125 743.9660034179688
584.7117919921875 743.9660034179688
594.9517211914062 743.9660034179688
605.191650390625 743.9660034179688
615.431640625 743.9660034179688
625.6715087890625 743.9660034179688
635.9114990234375 743.9660034179688
646.1514282226562 743.9660034179688
656.3671264648438 743.6902465820312
662.2750854492188 736.1806030273438
662.2780151367188 725.940673828125
662.2780151367188 715.7007446289062
662.2780151367188 705.461181640625
662.2780151367188 695.22119140625
662.2780151367188 684.981201171875
662.2780151367188 674.7412719726562
662.2780151367188 664.5013427734375
662.2780151367188 654.2614135742188
662.2780151367188 644.021484375
662.2780151367188 633.781494140625
662.2780151367188 623.5415649414062
662.2780151367188 613.3015747070312
662.2780151367188 603.0616455078125
662.2780151367188 592.82177734375
662.2780151367188 582.581787109375
662.2780151367188 572.341796875
662.2780151367188 562.1019287109375
662.2780151367188 551.8619384765625
662.2780151367188 541.6220703125
662.2780151367188 531.3821105957031
662.2780151367188 521.1421203613281
662.2780151367188 510.9021911621094
662.2780151367188 500.6622619628906
662.2780151367188 490.4222412109375
662.2780151367188 480.182373046875
662.2780151367188 469.9424743652344
662.2780151367188 459.7024841308594
662.2780151367188 449.4625549316406
662.2780151367188 439.2226257324219
662.2780151367188 428.9826965332031
662.2780151367188 418.7427673339844
662.2780151367188 408.5027770996094
662.2780151367188 398.2628479003906
662.2780151367188 388.0229187011719
662.2780151367188 377.7829895019531
662.2780151367188 367.5430603027344
662.2780151367188 357.3031311035156
662.2780151367188 347.0631408691406
662.2780151367188 336.8232116699219
662.2780151367188 326.5832824707031
662.2780151367188 316.3433532714844
662.2780151367188 306.1034240722656
662.2780151367188 295.8634338378906
662.2780151367188 285.6235046386719
662.2780151367188 275.3835754394531
662.2780151367188 265.1436462402344
662.2780151367188 254.90371704101562
662.2780151367188 244.66372680664062
662.2780151367188 234.423828125
662.2780151367188 224.18411254882812
662.2780151367188 213.94415283203125
662.2780151367188 203.7042236328125
662.2780151367188 193.463623046875
662.2780151367188 183.2237548828125
662.2780151367188 172.9837646484375
662.2780151367188 162.743896484375
662.2780151367188 152.50390625
662.2780151367188 142.263916015625
662.2780151367188 132.0240478515625
662.2780151367188 121.7840576171875
662.2780151367188 111.544189453125
660.9420166015625 101.56888580322266
651.9141235351562 97.99600219726562
641.6742553710938 97.99600219726562
631.4342651367188 97.99600219726562
621.1943969726562 97.99600219726562
610.9544067382812 97.99600219726562
600.71435546875 97.99600219726562
590.4745483398438 97.99600219726562
580.2345581054688 97.99600219726562
569.9946899414062 97.99600219726562
559.7546997070312 97.99600219726562
549.5147094726562 97.99600219726562
539.2748413085938 97.99600219726562
529.0348205566406 97.99600219726562
518.7949523925781 97.99600219726562
508.5549621582031 97.99600219726562
498.3150939941406 97.99600219726562
488.0751037597656 97.99600219726562
477.8351135253906 97.99600219726562
467.5952453613281 97.99600219726562
457.3552551269531 97.99600219726562
447.1153869628906 97.99600219726562
436.8753967285156 97.99600219726562
426.6354064941406 97.99600219726562
416.3955383300781 97.99600219726562
406.155517578125 97.99600219726562
395.9156799316406 97.99600219726562
385.6756896972656 97.99600219726562
375.4356994628906 97.99600219726562
365.1958312988281 97.99600219726562
354.9558410644531 97.99600219726562
344.7159729003906 97.99600219726562
334.4759826660156 97.99600219726562
324.2359924316406 97.99600219726562
313.9961242675781 97.99600219726562
303.7561340332031 97.99600219726562
293.5162658691406 97.99600219726562
283.2765197753906 97.99600219726562
273.0363464355469 97.99600219726562
262.7963562011719 97.99600219726562
252.55636596679688 97.99600219726562
242.31661987304688 97.99600219726562
232.07662963867188 97.99600219726562
221.83663940429688 97.99600219726562
211.59664916992188 97.99600219726562
201.35665893554688 97.99600219726562
191.11691284179688 97.99600219726562
181.66897583007812 100.71945190429688
179.6820068359375 110.4731674194336
179.6820068359375 120.71316528320312
179.6820068359375 130.95299530029297
179.6820068359375 141.192626953125
179.6820068359375 151.4326171875
179.6820068359375 161.672607421875
179.6820068359375 171.91259765625
179.6820068359375 182.152587890625
179.6820068359375 192.392333984375
179.6820068359375 202.63232421875
179.6820068359375 212.872314453125
179.6820068359375 223.1123046875
179.6820068359375 233.35202026367188
179.6820068359375 243.5919952392578
179.6820068359375 253.8319854736328
179.6820068359375 264.0719757080078
179.6820068359375 274.3119659423828
179.6820068359375 284.55169677734375
179.6820068359375 294.79168701171875
179.6820068359375 305.03167724609375
179.6820068359375 315.27166748046875
179.6820068359375 325.51165771484375
179.6820068359375 335.75140380859375
179.6820068359375 345.99139404296875
179.6820068359375 356.2312927246094
179.6820068359375 366.4713439941406
179.6820068359375 376.7113342285156
179.6820068359375 386.9510803222656
179.6820068359375 397.1910705566406
179.6820068359375 407.4310607910156
179.6820068359375 417.6710510253906
179.6820068359375 427.9110412597656
179.6820068359375 438.1507873535156
179.6820068359375 448.3907775878906
179.6820068359375 458.6307678222656
179.6820068359375 468.8707580566406
179.6820068359375 479.1107482910156
179.6820068359375 489.3504943847656
179.6820068359375 499.5904846191406
179.6820068359375 509.8304748535156
179.6820068359375 520.0704650878906
179.6820068359375 530.3104553222656
179.6820068359375 540.5501708984375
179.6820068359375 550.7894287109375
179.6820068359375 561.0294189453125
179.6820068359375 571.2694091796875
179.6820068359375 581.5091552734375
179.6820068359375 591.7491455078125
179.6820068359375 601.9891357421875
179.6820068359375 612.2291259765625
179.6820068359375 622.4688720703125
179.6820068359375 632.7088623046875
179.6820068359375 642.9493408203125
179.6820068359375 653.1898193359375
179.6820068359375 663.4298095703125
179.6820068359375 673.6695556640625
179.6820068359375 683.9095458984375
179.6820068359375 694.1495361328125
179.6820068359375 704.3895263671875
179.6820068359375 714.6295166015625
179.6820068359375 724.8692626953125
179.6820068359375 735.1092529296875
333.0895080566406 357.318603515625
331.9463195800781 367.48968505859375
331.70068359375 377.7244567871094
332.11199951171875 387.95452880859375
323.0993957519531 391.1872253417969
313.6676025390625 395.1528625488281
304.8529968261719 400.35028076171875
296.7481689453125 406.5989685058594
289.39825439453125 413.7215270996094
282.8060607910156 421.5522766113281
276.94439697265625 429.94488525390625
271.7671203613281 438.77691650390625
267.2197570800781 447.9497375488281
263.2456512451172 457.3853454589844
259.7899932861328 467.0234680175781
256.8026580810547 476.81707763671875
254.2377471923828 486.7298889160156
248.1562957763672 494.7643127441406
240.8974609375 501.9851989746094
233.41648864746094 508.977294921875
225.89712524414062 515.9283142089844
218.46266174316406 522.9698486328125
211.22406005859375 530.2120056152344
204.28810119628906 537.7437133789062
197.7700958251953 545.6393432617188
195.68399047851562 541.6203002929688
195.68399047851562 531.3802795410156
195.68399047851562 521.1399841308594
195.68399047851562 510.8998718261719
195.68399047851562 500.6601257324219
195.68399047851562 490.42022705078125
195.68399047851562 480.18023681640625
195.68399047851562 469.9405517578125
195.68399047851562 459.70062255859375
195.68399047851562 449.460693359375
195.68399047851562 439.220703125
195.68399047851562 428.980712890625
195.68399047851562 418.74017333984375
195.68399047851562 408.4998474121094
195.68399047851562 398.25994873046875
195.68399047851562 388.0199890136719
195.68399047851562 377.7800598144531
195.68399047851562 367.5404357910156
195.68399047851562 357.30035400390625
195.68399047851562 347.060302734375
195.68399047851562 336.8203430175781
195.68399047851562 326.58038330078125
195.68399047851562 316.34063720703125
195.68399047851562 306.1006774902344
195.68399047851562 295.8607177734375
195.68399047851562 285.62054443359375
195.68399047851562 275.3807067871094
198.33880615234375 267.79600524902344
208.578857421875 267.79600524902344
218.81912231445312 267.79600524902344
229.05908203125 267.79600524902344
239.299072265625 267.79600524902344
249.53863525390625 267.79600524902344
259.7787780761719 267.79600524902344
270.0188293457031 267.79600524902344
280.2588195800781 267.79600524902344
290.49884033203125 267.79600524902344
300.73858642578125 267.79600524902344
310.9784240722656 267.79600524902344
315.0772399902344 274.0138244628906
315.5772705078125 284.24053955078125
316.5362548828125 294.4346008300781
317.98358154296875 304.5704650878906
319.9895935058594 314.6103820800781
322.6817932128906 324.4874267578125
326.280029296875 334.06884765625
331.1739807128906 343.04864501953125
645.339111328125 570.99462890625
642.5697631835938 561.1362915039062
639.6809692382812 551.312255859375
636.6737060546875 541.52392578125
633.547607421875 531.7731018066406
630.3008422851562 522.0615539550781
626.9309692382812 512.3920288085938
623.4346923828125 502.7674560546875
619.807861328125 493.19134521484375
616.0452270507812 483.66802978515625
612.140625 474.2017517089844
608.087158203125 464.79833984375
603.8766479492188 455.464111328125
599.4994506835938 446.20697021484375
594.9453125 437.035888671875
590.2013549804688 427.9612731933594
585.254150390625 418.9959411621094
580.0873413085938 410.1554260253906
574.6834106445312 401.4587707519531
569.0208129882812 392.92779541015625
562.8548583984375 384.7582702636719
556.03125 377.12518310546875
548.8463134765625 369.83001708984375
541.432861328125 362.7665710449219
533.8621826171875 355.8720703125
526.1806945800781 349.1008605957031
518.6724853515625 342.27239990234375
517.1743469238281 332.1427001953125
515.7460021972656 322.0029296875
514.3611145019531 311.8570251464844
513.0067749023438 301.7069091796875
511.6758728027344 291.5536804199219
510.363525390625 281.3985595703125
509.06658935546875 271.2406463623047
515.3995056152344 267.79798889160156
525.6399230957031 267.79798889160156
535.8798217773438 267.79798889160156
546.1198120117188 267.79798889160156
556.3596801757812 267.79798889160156
566.5993041992188 267.79798889160156
576.8389282226562 267.79798889160156
587.079345703125 267.79798889160156
597.3195190429688 267.79798889160156
607.5596923828125 267.79798889160156
617.7992553710938 267.79798889160156
628.0391235351562 267.79798889160156
638.2789916992188 267.79798889160156
646.280029296875 270.03704833984375
646.280029296875 280.27655029296875
646.280029296875 290.5163269042969
646.280029296875 300.7564697265625
646.280029296875 310.9963684082031
646.280029296875 321.2362976074219
646.280029296875 331.4759521484375
646.280029296875 341.7159118652344
646.280029296875 351.9558410644531
646.280029296875 362.1957702636719
646.280029296875 372.43572998046875
646.280029296875 382.675537109375
646.280029296875 392.91552734375
646.280029296875 403.155517578125
646.280029296875 413.3955078125
646.280029296875 423.63543701171875
646.280029296875 433.875244140625
646.280029296875 444.11517333984375
646.280029296875 454.35443115234375
646.280029296875 464.59423828125
646.280029296875 474.83416748046875
646.280029296875 485.07403564453125
646.280029296875 495.31396484375
646.280029296875 505.5538330078125
646.280029296875 515.7938842773438
646.280029296875 526.033935546875
646.280029296875 536.2736206054688
646.280029296875 546.5135498046875
646.280029296875 556.7535400390625
646.280029296875 566.9935302734375
390.5701599121094 595.4303588867188
381.4296875 590.8165893554688
372.09161376953125 586.6166381835938
365.2221374511719 581.005126953125
365.9400634765625 570.797607421875
367.4732971191406 560.6752319335938
369.7190856933594 550.6870727539062
372.6750183105469 540.88525390625
376.3240966796875 531.31982421875
380.63671875 522.0345458984375
385.5727844238281 513.06494140625
391.0851135253906 504.4376525878906
397.1225891113281 496.16876220703125
403.6325378417969 488.2662658691406
410.56402587890625 480.73052978515625
417.8688659667969 473.55596923828125
425.5029296875 466.7329406738281
433.4268493652344 460.2480163574219
441.6054382324219 454.08660888671875
450.0068359375 448.2331848144531
458.6038513183594 442.6717529296875
467.37646484375 437.3897399902344
476.3098449707031 432.38543701171875
485.3873291015625 427.6484375
494.59503173828125 423.16876220703125
503.92047119140625 418.9394226074219
513.3536071777344 414.9557800292969
522.8861999511719 411.2167663574219
532.5130004882812 407.7270812988281
542.2321166992188 404.503662109375
552.0532836914062 401.6078796386719
559.1021118164062 406.8607177734375
558.2188720703125 412.7948913574219
548.2899169921875 415.2989501953125
538.4853515625 418.2493591308594
528.8124694824219 421.60906982421875
519.2861022949219 425.3625793457031
509.92181396484375 429.5047912597656
500.7392578125 434.0345764160156
491.7595520019531 438.9535217285156
483.00531005859375 444.2648010253906
474.51025390625 449.980224609375
466.302490234375 456.1007385253906
458.4085998535156 462.6221923828125
450.8585510253906 469.5375061035156
443.680419921875 476.8387756347656
436.903564453125 484.5137023925781
430.5554504394531 492.54656982421875
424.6607971191406 500.9183349609375
419.2415466308594 509.604736328125
414.3143310546875 518.5802307128906
409.8923034667969 527.8141784667969
405.9810791015625 537.2761840820312
402.5821533203125 546.9347534179688
399.6915588378906 556.7564086914062
397.3000793457031 566.7118530273438
395.3944091796875 576.7709350585938
394.0052185058594 586.914794921875
423.219970703125 442.85845947265625
412.9920959472656 443.26983642578125
402.7694396972656 442.74237060546875
392.6380310058594 441.2846984863281
382.68011474609375 438.9126281738281
372.97991943359375 435.6422119140625
363.6290283203125 431.4798889160156
354.74029541015625 426.405517578125
346.49456787109375 420.34686279296875
339.820068359375 412.99151611328125
344.6753234863281 404.0307312011719
351.33013916015625 396.25775146484375
358.72149658203125 389.1738586425781
366.5381164550781 382.5611572265625
374.65252685546875 376.31573486328125
383.0043029785156 370.3916015625
391.57073974609375 364.7825012207031
400.1468811035156 359.23187255859375
401.9642333984375 349.54400634765625
401.15234375 339.3364562988281
407.8680419921875 336.34954833984375
418.06329345703125 335.5290222167969
427.9822692871094 333.0299987792969
437.3456726074219 328.9151916503906
445.89166259765625 323.2961120605469
448.28094482421875 329.0259094238281
448.637939453125 339.259521484375
448.9949645996094 349.4935302734375
449.3519592285156 359.7271728515625
449.7089538574219 369.96051025390625
450.06597900390625 380.19451904296875
450.4229736328125 390.4279479980469
450.7799987792969 400.6619567871094
451.13702392578125 410.8956604003906
451.4940185546875 421.1292419433594
448.9858093261719 429.8380126953125
440.4118347167969 435.4351806640625
432.0315856933594 441.3194580078125
365.8113708496094 232.8058319091797
357.0380859375 231.2787628173828
356.22833251953125 221.07069396972656
355.41864013671875 210.863037109375
354.6089172363281 200.6551971435547
361.805908203125 193.7695770263672
370.47491455078125 188.33901977539062
380.00146484375 184.64427185058594
390.143798828125 183.36851501464844
400.3798828125 183.2329864501953
410.5684509277344 184.186767578125
420.4998474121094 186.62551879882812
429.69415283203125 191.0741424560547
437.2550048828125 197.916748046875
442.25885009765625 206.8029022216797
444.3746643066406 216.76480102539062
444.7306823730469 226.99822998046875
445.0867004394531 237.23252868652344
445.4427185058594 247.4663848876953
445.7987365722656 257.70050048828125
446.15478515625 267.9346618652344
446.5107727050781 278.168212890625
446.8667907714844 288.40167236328125
447.22283935546875 298.6365661621094
441.3928527832031 306.1530456542969
433.43670654296875 312.5882873535156
424.382568359375 317.32421875
414.4924621582031 319.89630126953125
404.2750244140625 320.27972412109375
394.17279052734375 318.7474670410156
384.6678161621094 314.997802734375
376.2321472167969 309.2312927246094
369.3185729980469 301.70770263671875
364.27496337890625 292.8210144042969
361.3520202636719 283.0303649902344
360.33392333984375 272.84556579589844
359.524658203125 262.63812255859375
358.71539306640625 252.4302978515625
365.08612060546875 248.8111572265625
374.0357666015625 245.07888793945312
373.3183898925781 235.55133056640625
504.5914001464844 351.188232421875
512.1223449707031 358.0927429199219
519.8380126953125 364.8251953125
527.4571228027344 371.6667175292969
534.939697265625 378.6585693359375
542.219482421875 385.8589782714844
535.8140869140625 389.7195739746094
526.1029052734375 392.9698181152344
516.4840087890625 396.48028564453125
506.9580383300781 400.2357177734375
497.52923583984375 404.2302551269531
488.20465087890625 408.4633483886719
478.9944763183594 412.9366760253906
469.9062194824219 417.65557861328125
467.1731262207031 411.5742492675781
466.816162109375 401.3415832519531
466.45916748046875 391.107421875
466.1021728515625 380.87347412109375
465.7452087402344 370.6404724121094
465.3882141113281 360.40606689453125
465.0312194824219 350.1720275878906
464.6742248535156 339.93817138671875
464.3172607421875 329.7052001953125
463.96026611328125 319.47113037109375
463.603271484375 309.2369689941406
463.24560546875 299.00396728515625
462.8898620605469 288.77001953125
462.53411865234375 278.5364990234375
462.17840576171875 268.3040313720703
461.8226623535156 258.0700988769531
461.4668884277344 247.83604431152344
461.11114501953125 237.60186767578125
460.7554016113281 227.36846923828125
460.3996276855469 217.1338348388672
459.0662841796875 207.01364135742188
455.6659240722656 197.3727264404297
450.3658752441406 188.6343536376953
443.2823181152344 181.2679901123047
434.8073425292969 175.5530242919922
425.4208984375 171.48985290527344
415.5226135253906 168.8973846435547
405.37762451171875 167.5409393310547
395.1473388671875 167.20285034179688
384.9218444824219 167.70558166503906
374.8516845703125 169.46646118164062
365.5383605957031 172.86416625976562
372.5699768066406 165.44180297851562
380.9172668457031 159.53916931152344
390.2449645996094 155.35247802734375
400.1632995605469 152.85227966308594
410.3464050292969 151.84498596191406
420.5724792480469 152.1779327392578
430.6275939941406 154.0557403564453
440.2510986328125 157.5227813720703
449.20684814453125 162.4674530029297
457.3455810546875 168.66726684570312
464.6224365234375 175.8636474609375
471.0123291015625 183.85797119140625
476.44171142578125 192.53305053710938
480.8583679199219 201.76597595214844
484.2368469238281 211.4279022216797
486.5757141113281 221.3927001953125
487.9864807128906 231.5323944091797
489.2388610839844 241.696044921875
490.5004577636719 251.8583984375
491.7720947265625 262.0182189941406
493.0551452636719 272.17877197265625
494.35125732421875 282.3375549316406
495.66204833984375 292.4925842285156
496.9912109375 302.64599609375
498.3427429199219 312.7970886230469
499.7233581542969 322.94366455078125
501.1450500488281 333.0831298828125
502.6305236816406 343.21478271484375
340.7371520996094 228.11851501464844
341.5467834472656 238.32574462890625
342.3565368652344 248.53424072265625
343.166259765625 258.7421112060547
343.9758605957031 268.9490509033203
344.7856140136719 279.1573791503906
346.3144226074219 289.270751953125
349.51092529296875 298.9870300292969
354.27557373046875 308.036376953125
360.47705078125 316.16937255859375
367.9632568359375 323.1387634277344
376.5094909667969 328.7570495605469
384.6642761230469 333.8118591308594
385.4757995605469 344.0196228027344
381.9048156738281 352.0289306640625
373.366943359375 357.6827697753906
365.01202392578125 363.60308837890625
356.8737487792969 369.816162109375
349.01556396484375 376.3813171386719
347.8700256347656 369.0603332519531
349.002197265625 358.8901672363281
352.4603271484375 349.3243713378906
350.7156066894531 339.9298400878906
343.4461669921875 332.923583984375
339.2286071777344 323.6112060546875
336.32989501953125 313.79364013671875
334.2013854980469 303.7793273925781
332.6435852050781 293.66046142578125
331.57958984375 283.4765319824219
331.0007629394531 273.2538757324219
330.95916748046875 263.0153350830078
331.6000061035156 252.79905700683594
333.2833251953125 242.7054901123047
336.17242431640625 232.88650512695312
340.024169921875 223.40379333496094
195.6820068359375 718.411376953125
195.6820068359375 708.1712646484375
195.6820068359375 697.9314575195312
195.6820068359375 687.6910400390625
195.6820068359375 677.4509887695312
195.6820068359375 667.2103881835938
195.6820068359375 656.9703979492188
195.6820068359375 646.7299194335938
195.6820068359375 636.4902954101562
195.6820068359375 626.25
195.6820068359375 616.0110473632812
195.6820068359375 605.7730712890625
195.6820068359375 595.5338134765625
195.6820068359375 585.2938842773438
197.97308349609375 575.525390625
202.8238067626953 566.511474609375
208.5294189453125 558.0130615234375
214.8944549560547 549.994384765625
221.74832153320312 542.3873291015625
228.9454803466797 535.1046142578125
236.3626708984375 528.0437927246094
243.87939453125 521.0911865234375
251.3638153076172 514.104248046875
258.65208435058594 506.91387939453125
267.7859191894531 505.1053771972656
277.7608947753906 507.37030029296875
287.05511474609375 511.5992126464844
294.4471130371094 518.5826416015625
297.91253662109375 528.1247863769531
301.1146545410156 537.8455810546875
305.4234619140625 547.1261596679688
310.8820495605469 555.7814331054688
318.26605224609375 562.541015625
327.1204833984375 558.94775390625
326.218994140625 549.4315795898438
320.3428039550781 541.0589599609375
315.90435791015625 531.8434753417969
312.8363037109375 522.0811767578125
310.9890441894531 512.0139465332031
310.19171142578125 501.8099060058594
310.2887878417969 491.5727844238281
311.1560974121094 481.3717346191406
312.7048645019531 471.25189208984375
314.8945007324219 461.25030517578125
317.2669677734375 451.3321228027344
311.1241149902344 444.0130310058594
302.3499755859375 447.792236328125
299.302978515625 457.5493469238281
297.0845031738281 467.5454406738281
295.457275390625 477.6526794433594
294.4426574707031 487.8414611816406
293.28533935546875 496.6336364746094
283.9280700683594 492.51019287109375
274.0370330810547 489.89068603515625
271.6496124267578 483.1735534667969
274.55450439453125 473.3549499511719
277.9567565917969 463.69940185546875
281.92364501953125 454.2601318359375
286.5285949707031 445.1166687011719
291.8534240722656 436.373779296875
297.98028564453125 428.17327880859375
304.978515625 420.7064514160156
312.8855285644531 414.2132873535156
321.6766357421875 408.98406982421875
323.3639831542969 414.2380676269531
327.0199279785156 423.40081787109375
334.11138916015625 430.7749328613281
342.10687255859375 437.1640319824219
350.7236022949219 442.68994140625
359.80328369140625 447.4161071777344
369.2511901855469 451.35870361328125
378.9892578125 454.5151672363281
388.9488220214844 456.8821105957031
399.064697265625 458.4463195800781
409.2748718261719 459.1965637207031
403.1699523925781 465.73687744140625
396.05096435546875 473.09893798828125
389.2919616699219 480.7906494140625
382.9290771484375 488.8136901855469
377.002685546875 497.162353515625
371.55242919921875 505.8285827636719
366.61700439453125 514.7993774414062
362.23565673828125 524.0506591796875
358.44049072265625 533.5601806640625
355.2614440917969 543.2926635742188
352.719970703125 553.2098999023438
350.8288269042969 563.2723388671875
349.592529296875 573.4352416992188
344.0794982910156 576.85546875
334.1495056152344 574.3628540039062
324.1000061035156 572.4038696289062
314.26947021484375 573.498046875
306.5430603027344 580.167236328125
300.9732360839844 588.7215576171875
297.83026123046875 598.440185546875
296.9918518066406 608.6262817382812
298.23956298828125 618.773193359375
298.7525634765625 627.3907470703125
289.0310974121094 630.5844116210938
278.99432373046875 632.5879516601562
273.6197204589844 625.0028076171875
270.7560729980469 615.1930541992188
270.5957794189453 604.9970703125
273.9302062988281 595.37841796875
280.6404113769531 587.7359619140625
282.50726318359375 578.3662719726562
274.0642547607422 573.8911743164062
265.7760314941406 579.5935668945312
259.78529357910156 587.8665161132812
255.93348693847656 597.3277587890625
254.3580322265625 607.4241333007812
254.98365783691406 617.6272583007812
257.5046691894531 627.538330078125
254.34339904785156 629.6083374023438
246.6317596435547 622.947998046875
241.591064453125 614.0875854492188
239.29714965820312 604.1353759765625
239.14088439941406 593.9093017578125
240.70140075683594 583.8042602539062
244.5784454345703 574.3662109375
251.3836669921875 566.7999267578125
260.5005798339844 562.246826171875
270.5630187988281 560.4950561523438
280.7763977050781 560.651123046875
287.2403869628906 553.6112060546875
282.34576416015625 545.40625
272.20155334472656 544.4319458007812
262.02305603027344 545.4354248046875
252.18930053710938 548.2288208007812
243.16029357910156 553.0111083984375
235.50047302246094 559.7708740234375
229.6699676513672 568.16064453125
225.80450439453125 577.6231689453125
223.690673828125 587.6328735351562
222.98150634765625 597.8424682617188
223.60826110839844 608.0542602539062
225.8951416015625 618.0206298828125
230.12582397460938 627.3253784179688
236.33750915527344 635.437744140625
244.22421264648438 641.93603515625
253.29180908203125 646.656982421875
263.10015869140625 649.5433959960938
273.30731201171875 649.2630615234375
283.4598388671875 647.9451293945312
293.4747009277344 645.8267211914062
303.2339782714844 642.7457885742188
312.5085754394531 638.4276123046875
321.257568359375 633.1076049804688
328.3740234375 637.1327514648438
321.2210998535156 642.2759399414062
312.1578369140625 647.0406494140625
303.0933837890625 651.805908203125
294.6266784667969 657.3555297851562
293.280029296875 667.3287353515625
293.280029296875 677.5685424804688
293.5299377441406 687.786865234375
300.9646911621094 693.7898559570312
308.84881591796875 688.3928833007812
309.280029296875 678.2021484375
309.280029296875 667.9617919921875
317.1634521484375 662.4832153320312
326.2275390625 657.7177124023438
335.290771484375 652.9526977539062
343.5596618652344 653.5313720703125
351.12158203125 660.4306030273438
348.5878601074219 664.83740234375
338.7566223144531 667.7022705078125
328.9270324707031 670.566650390625
321.4778137207031 676.7786254882812
317.73345947265625 686.3097534179688
313.9889831542969 695.8411254882812
310.3971252441406 705.4212036132812
314.6996154785156 713.950927734375
324.107421875 712.2799072265625
328.3569030761719 703.0253295898438
332.101318359375 693.494384765625
336.7500915527344 684.9525756835938
346.5802307128906 682.0883178710938
356.4105529785156 679.2240600585938
366.2416076660156 676.3595581054688
375.5494384765625 677.72705078125
384.7024230957031 682.3111572265625
394.4581298828125 684.49365234375
400.2805480957031 676.9164428710938
394.6924743652344 669.1524658203125
385.3669128417969 664.9382934570312
376.4794921875 659.8514404296875
368.0502624511719 654.04052734375
360.075439453125 647.6245727539062
352.54156494140625 640.6915283203125
345.447998046875 633.30859375
338.81744384765625 625.5098876953125
332.177734375 617.812255859375
322.30047607421875 618.2141723632812
314.43170166015625 617.3505859375
313.0041198730469 607.2445678710938
314.7442321777344 597.209228515625
320.4490661621094 588.8304443359375
330.2702331542969 589.9398803710938
340.1946105957031 592.4635009765625
349.9816589355469 595.4751586914062
359.61383056640625 598.9447631835938
369.0744323730469 602.861572265625
378.3398742675781 607.2208251953125
387.3832092285156 612.0206909179688
396.1798400878906 617.262451171875
404.6972961425781 622.9434204101562
412.90509033203125 629.0604248046875
420.7748718261719 635.6092529296875
428.27459716796875 642.5792236328125
435.3739013671875 649.955322265625
443.875244140625 654.7721557617188
451.0953063964844 648.5152587890625
447.465087890625 639.473876953125
441.4641418457031 632.4196166992188
451.5379943847656 630.591064453125
461.6163635253906 628.7616577148438
471.6907958984375 626.9329833984375
481.7667236328125 625.10400390625
491.8424072265625 623.2750854492188
501.9368896484375 621.5856323242188
512.1459045410156 622.0868530273438
522.0435180664062 624.6373901367188
531.1071166992188 629.352783203125
538.7072143554688 636.173583984375
547.2578125 640.7350463867188
554.1685791015625 634.136962890625
550.29248046875 625.114990234375
542.8466796875 618.1058959960938
534.2462768554688 612.5758056640625
524.7934265136719 608.6521606445312
514.8319702148438 606.3244018554688
504.6323547363281 605.5234375
494.4632568359375 606.537109375
484.3831481933594 608.3665771484375
474.30584716796875 610.195556640625
464.2312316894531 612.0240478515625
454.1573181152344 613.8524169921875
444.0816345214844 615.6810913085938
434.0055236816406 617.5098266601562
424.3502197265625 617.7037353515625
416.22564697265625 611.473388671875
408.9126892089844 605.06298828125
409.22216796875 594.8280029296875
410.3788146972656 584.6564331054688
412.0198669433594 574.5503540039062
414.1684875488281 564.53857421875
416.8463439941406 554.6569213867188
420.0713806152344 544.9401245117188
423.8558654785156 535.4262084960938
428.203857421875 526.1571960449219
433.11212158203125 517.1724243164062
438.5694885253906 508.5093994140625
444.5552062988281 500.203369140625
451.0417785644531 492.28228759765625
457.9965515136719 484.767578125
465.3804016113281 477.6754455566406
473.15472412109375 471.0123596191406
481.2784423828125 464.77972412109375
489.7104187011719 458.9737548828125
498.41796875 453.5870666503906
507.3767395019531 448.6264343261719
516.5547180175781 444.08807373046875
525.9270935058594 439.96478271484375
535.4691162109375 436.2544860839844
545.1631469726562 432.959716796875
554.9945678710938 430.0972900390625
564.9529418945312 427.7245788574219
573.0831298828125 430.1002502441406
577.931396484375 439.1203308105469
582.57568359375 448.2466125488281
587.0316772460938 457.4654846191406
591.3138427734375 466.7677307128906
595.4332275390625 476.1431579589844
599.3991088867188 485.5827941894531
603.2208251953125 495.08251953125
606.903564453125 504.63287353515625
610.4562377929688 514.2363891601562
613.88232421875 523.886474609375
617.1851196289062 533.5789794921875
620.3673095703125 543.3115234375
623.429931640625 553.080322265625
626.37451171875 562.8872680664062
629.1994018554688 572.7308959960938
631.901123046875 582.607421875
634.475341796875 592.5191040039062
636.9130859375 602.4649047851562
639.201171875 612.445068359375
641.3192749023438 622.4632568359375
643.2317504882812 632.5228881835938
644.873291015625 642.6307373046875
646.0963134765625 652.7960205078125
646.2799682617188 663.0303344726562
646.2799682617188 673.2691650390625
646.2799682617188 683.5084228515625
646.2799682617188 693.7491455078125
646.2799682617188 703.9932861328125
646.2799682617188 714.2340087890625
646.2799682617188 724.475341796875
639.5248413085938 727.9600219726562
629.2857666015625 727.9600219726562
619.0468139648438 727.9600219726562
608.8074340820312 727.9600219726562
598.5680541992188 727.9600219726562
588.3277587890625 727.9600219726562
578.0870361328125 727.9600219726562
567.8453369140625 727.9600219726562
557.6052856445312 727.9600219726562
547.365234375 727.9600219726562
537.1261596679688 727.9600219726562
526.88623046875 727.9600219726562
516.6459350585938 727.9600219726562
506.4049377441406 727.9600219726562
496.16552734375 727.9600219726562
485.9253234863281 727.9600219726562
475.68499755859375 727.9600219726562
465.44427490234375 727.9600219726562
455.2045593261719 727.9600219726562
444.9643859863281 727.9600219726562
434.7242736816406 727.9600219726562
424.4849548339844 727.9600219726562
414.2449035644531 727.9600219726562
404.0036926269531 727.9600219726562
393.7650146484375 727.9600219726562
383.5242614746094 727.9600219726562
373.287109375 727.9600219726562
363.04681396484375 727.9600219726562
352.8087463378906 727.9600219726562
342.5677490234375 727.9600219726562
332.3265380859375 727.9600219726562
322.0881042480469 727.9600219726562
311.8477478027344 727.9600219726562
301.6080322265625 727.9600219726562
291.3688659667969 727.9600219726562
281.13177490234375 727.9600219726562
270.8920593261719 727.9600219726562
260.6518249511719 727.9600219726562
250.41363525390625 727.9600219726562
240.17608642578125 727.9600219726562
229.93865966796875 727.9600219726562
219.69818115234375 727.9600219726562
209.4591064453125 727.9600219726562
199.22210693359375 727.9600219726562
646.2780151367188 120.69326782226562
646.2780151367188 130.93307495117188
646.2780151367188 141.17300415039062
646.2780151367188 151.41268920898438
646.2780151367188 161.65194702148438
646.2780151367188 171.89212036132812
646.2780151367188 182.13204956054688
646.2780151367188 192.37295532226562
646.2780151367188 202.61203002929688
646.2780151367188 212.85269165039062
646.2780151367188 223.09176635742188
646.2780151367188 233.33139038085938
646.2780151367188 243.57180786132812
644.2626342773438 251.79600524902344
634.0249633789062 251.79600524902344
623.78466796875 251.79600524902344
613.5452270507812 251.79600524902344
603.30615234375 251.79600524902344
593.0658569335938 251.79600524902344
582.8262939453125 251.79600524902344
572.585205078125 251.79600524902344
562.34423828125 251.79600524902344
552.1034545898438 251.79600524902344
541.8629150390625 251.79600524902344
531.6237182617188 251.79600524902344
521.3828735351562 251.79600524902344
511.142578125 251.79600524902344
505.91217041015625 246.12521362304688
504.6540222167969 235.96218872070312
503.4059143066406 225.79910278320312
501.77044677734375 215.69300842285156
499.25311279296875 205.77252197265625
495.842529296875 196.12127685546875
491.54345703125 186.83154296875
486.3758544921875 177.9971466064453
480.37469482421875 169.70481872558594
473.5933532714844 162.03756713867188
466.0892333984375 155.0768585205078
457.872802734375 148.97256469726562
448.9866638183594 143.8971939086914
439.5301208496094 139.99874877929688
429.6424560546875 137.36522674560547
419.49774169921875 136.01287841796875
409.26556396484375 135.8728485107422
399.0768127441406 136.83609008789062
389.0747375488281 139.00420379638672
379.45068359375 142.4814682006836
370.427001953125 147.30003356933594
362.2143859863281 153.404541015625
354.9908447265625 160.65171813964844
348.8727722167969 168.8508758544922
343.9340515136719 177.8127899169922
340.26971435546875 187.3658447265625
337.0228271484375 196.9097137451172
331.397216796875 205.46087646484375
326.53448486328125 214.4673614501953
322.4430847167969 223.84986877441406
319.162353515625 233.54559326171875
316.7849426269531 243.5001220703125
313.8368835449219 251.7939910888672
303.597900390625 251.7939910888672
293.3577880859375 251.7939910888672
283.11944580078125 251.7939910888672
272.88084411621094 251.7939910888672
262.64280700683594 251.7939910888672
252.40350341796875 251.7939910888672
242.16571044921875 251.7939910888672
231.921142578125 251.7939910888672
221.6769256591797 251.7939910888672
211.4384307861328 251.7939910888672
201.19662475585938 251.7939910888672
195.6820068359375 247.0731964111328
195.6820068359375 236.8324432373047
195.6820068359375 226.5922393798828
195.6820068359375 216.3524932861328
195.6820068359375 206.1127166748047
195.6820068359375 195.86839294433594
195.6820068359375 185.62950134277344
195.6820068359375 175.38890075683594
195.6820068359375 165.14927673339844
195.6820068359375 154.9102783203125
195.6820068359375 144.67086791992188
195.6820068359375 134.43045043945312
195.6820068359375 124.18949890136719
195.72422790527344 113.99398803710938
205.9689178466797 113.99398803710938
216.2075958251953 113.99398803710938
226.44508361816406 113.99398803710938
236.6832733154297 113.99398803710938
246.92576599121094 113.99398803710938
257.1650848388672 113.99398803710938
267.4049530029297 113.99398803710938
277.64617919921875 113.99398803710938
287.8851318359375 113.99398803710938
298.12335205078125 113.99398803710938
308.362548828125 113.99398803710938
318.603759765625 113.99398803710938
328.8421630859375 113.99398803710938
339.08172607421875 113.99398803710938
349.32208251953125 113.99398803710938
359.560302734375 113.99398803710938
369.79949951171875 113.99398803710938
380.04010009765625 113.99398803710938
390.28125 113.99398803710938
400.51947021484375 113.99398803710938
410.7598876953125 113.99398803710938
421.00103759765625 113.99398803710938
431.24151611328125 113.99398803710938
441.48046875 113.99398803710938
451.7208251953125 113.99398803710938
461.9598388671875 113.99398803710938
472.1998291015625 113.99398803710938
482.4407958984375 113.99398803710938
492.681884765625 113.99398803710938
502.921142578125 113.99398803710938
513.16162109375 113.99398803710938
523.4033203125 113.99398803710938
533.64208984375 113.99398803710938
543.8818359375 113.99398803710938
554.122802734375 113.99398803710938
564.3623046875 113.99398803710938
574.60009765625 113.99398803710938
584.841796875 113.99398803710938
595.08154296875 113.99398803710938
605.322509765625 113.99398803710938
615.56298828125 113.99398803710938
625.803955078125 113.99398803710938
636.04248046875 113.99398803710938
