591.7699890136719 329.3479919433594
586.7442016601562 320.7174758911133
581.0931549072266 312.4783706665039
575.1108245849609 304.47572326660156
568.9043731689453 296.64540100097656
562.5242462158203 288.95579528808594
555.9979553222656 281.38980865478516
549.3387756347656 273.9405288696289
542.5513305664062 266.60791015625
535.6327819824219 259.39888763427734
528.5715484619141 252.32964324951172
521.3451995849609 245.42940521240234
513.9105224609375 238.75457000732422
506.18150329589844 232.42420196533203
497.94166564941406 226.78473663330078
493.11912536621094 220.52854919433594
495.626708984375 210.85773086547852
497.5858459472656 201.06111907958984
498.98472595214844 191.16893768310547
499.81602478027344 181.2130012512207
500.0769500732422 171.22583389282227
499.7633819580078 161.240234375
498.84039306640625 151.29266357421875
497.26609802246094 141.4274787902832
495.0044250488281 131.69705963134766
492.02488708496094 122.16230010986328
488.3046417236328 112.89164161682129
483.82977294921875 103.96102142333984
478.59263610839844 95.45542335510254
472.5888366699219 87.47316932678223
465.7926025390625 80.15567970275879
458.2234802246094 77.8390064239502
451.3427429199219 85.07621574401855
445.25123596191406 92.99201965332031
439.89544677734375 101.4237060546875
435.2649841308594 110.27472686767578
431.35614013671875 119.46758270263672
428.16273498535156 128.93303680419922
425.6702575683594 138.6069221496582
423.85792541503906 148.43111419677734
422.6984558105469 158.35381698608398
422.15875244140625 168.3296775817871
422.2049865722656 178.32020950317383
422.82347106933594 188.29172134399414
424.01214599609375 198.21136856079102
425.76332092285156 208.04731369018555
428.0644989013672 217.76937866210938
422.0480194091797 222.35637664794922
415.7184295654297 220.1215057373047
413.2032928466797 210.45259857177734
410.1522521972656 200.93923950195312
406.5682830810547 191.61359786987305
402.45946502685547 182.5072021484375
397.8374938964844 173.6500701904297
392.7185287475586 165.07065200805664
387.11170196533203 156.80184936523438
381.00543212890625 148.8949203491211
374.3900833129883 141.40898513793945
367.26306915283203 134.40886306762695
359.63196563720703 127.96254348754883
351.5149459838867 122.14054489135742
342.94146728515625 117.01496505737305
333.9516067504883 112.6616039276123
324.5937957763672 109.1701774597168
314.9217300415039 106.68456649780273
308.1242370605469 110.08666038513184
306.25081634521484 119.89585494995117
305.3800811767578 129.84616088867188
305.39708709716797 139.83496475219727
306.2462844848633 149.78789138793945
307.88372802734375 159.64219284057617
310.2664108276367 169.34362411499023
313.3488540649414 178.84601974487305
317.08264923095703 188.11219787597656
321.41561126708984 197.1138458251953
326.2973175048828 205.8304443359375
331.6780776977539 214.24826049804688
337.5298538208008 222.34568786621094
343.83422088623047 230.0959243774414
350.5691146850586 237.47569274902344
357.7088317871094 244.4642333984375
365.2269592285156 251.04383087158203
373.0958480834961 257.1995620727539
380.7306594848633 263.1007995605469
377.79444885253906 272.646728515625
371.87256622314453 272.58062744140625
363.5385208129883 267.07066345214844
354.92503356933594 262.0086212158203
346.0603485107422 257.4006805419922
336.9706726074219 253.25416564941406
327.6827392578125 249.5732650756836
318.22181701660156 246.3618927001953
308.6138381958008 243.6234359741211
298.88260650634766 241.35972595214844
289.052978515625 239.57176971435547
279.1485061645508 238.2591552734375
269.19276428222656 237.42023468017578
259.2086868286133 237.05191802978516
249.21817779541016 237.14983367919922
239.24323272705078 237.71597290039062
229.30591583251953 238.75342559814453
219.42984771728516 240.26464080810547
209.63842010498047 242.25096893310547
199.95539093017578 244.7125015258789
190.40575408935547 247.64834594726562
181.01404571533203 251.0563507080078
171.80571746826172 254.93299102783203
162.8069190979004 259.2737350463867
154.044921875 264.07347869873047
145.54677963256836 269.3263626098633
137.33995819091797 275.0240783691406
129.45447540283203 281.1590270996094
121.92004013061523 287.7199478149414
114.76750564575195 294.6949157714844
108.02852058410645 302.07051849365234
101.73587799072266 309.8303680419922
95.92240524291992 317.95521545410156
90.62071800231934 326.42272186279297
85.86257934570312 335.2068862915039
79.27668762207031 337.34375
69.50732421875 335.6193084716797
59.91454887390137 338.1150588989258
52.15980052947998 344.3105239868164
47.32438850402832 352.9845962524414
46.154908180236816 362.8410949707031
48.899413108825684 372.3827667236328
55.02854251861572 380.1962890625
63.69677543640137 385.0200881958008
69.83748054504395 389.09093475341797
67.89420795440674 398.8839416503906
66.96301937103271 408.83201599121094
66.26053237915039 418.7989959716797
65.75495529174805 428.7778778076172
65.4440565109253 438.76495361328125
65.33585834503174 448.75624084472656
65.44644260406494 458.7474365234375
65.79759883880615 468.7330017089844
66.41771411895752 478.7055206298828
67.34472846984863 488.654052734375
68.62870407104492 498.5625305175781
70.33624839782715 508.4066925048828
72.55608177185059 518.1475372314453
75.41056442260742 527.7207946777344
79.07044219970703 537.0142211914062
83.76643371582031 545.8254852294922
89.7840805053711 553.7839813232422
97.35935974121094 560.2605133056641
106.38410758972168 564.4676361083984
116.22931671142578 565.9884643554688
126.22119903564453 566
136.21288681030273 566
146.2047348022461 566
156.19672012329102 566
166.18865966796875 566
176.18079376220703 566
186.17243576049805 566
196.16423797607422 566
206.15624618530273 566
216.14852905273438 566
226.1404800415039 566
236.1325912475586 566
246.12477111816406 566
256.11644744873047 566
266.10855865478516 566
276.10071563720703 566
286.0929641723633 566
296.08512115478516 566
301.4156188964844 561.7405548095703
297.81544494628906 552.4902496337891
291.17503356933594 545.0778198242188
282.8690948486328 539.5538940429688
273.75696563720703 535.4723358154297
264.23614501953125 532.4521484375
254.49394989013672 530.2420654296875
244.62529754638672 528.6845245361328
234.68470764160156 527.6844024658203
224.70632934570312 527.1900177001953
220.1811294555664 526.0535278320312
229.2046356201172 521.7684936523438
237.85440063476562 516.7714996337891
246.07512664794922 511.0960998535156
253.81442260742188 504.7794189453125
261.0213394165039 497.8632049560547
267.65000915527344 490.39002990722656
273.6549530029297 482.40773010253906
278.99522399902344 473.9656066894531
283.6319351196289 465.11817932128906
287.5323791503906 455.9217987060547
290.66815185546875 446.43817138671875
293.0186538696289 436.7296905517578
294.5710220336914 426.8617248535156
295.3217544555664 416.9008331298828
295.27659606933594 406.9118347167969
294.4347457885742 396.9585876464844
292.79217529296875 387.1047897338867
290.35437774658203 377.41809844970703
287.13501739501953 367.9615478515625
283.15641021728516 358.7992935180664
278.4467086791992 349.99066162109375
273.0389404296875 341.5918655395508
266.9711685180664 333.65692138671875
260.2848434448242 326.23606872558594
253.02397918701172 319.3762741088867
245.23490142822266 313.1215515136719
236.96803283691406 307.5140151977539
228.27562713623047 302.59159088134766
219.2136459350586 298.3887252807617
209.84039688110352 294.9353332519531
200.21746063232422 292.2543487548828
190.40907287597656 290.3621826171875
181.8517189025879 289.26480865478516
191.8368034362793 288.97373962402344
201.81463241577148 289.46150970458984
211.7205467224121 290.7486267089844
221.48953247070312 292.8336715698242
231.05640411376953 295.7059783935547
240.35855102539062 299.34716796875
249.33417510986328 303.73126220703125
257.92552947998047 308.8269958496094
266.0783462524414 314.5986633300781
273.7406234741211 321.0070114135742
280.86402130126953 328.00953674316406
287.40340423583984 335.56124114990234
293.31507873535156 343.61348724365234
298.5591735839844 352.1155090332031
303.09911346435547 361.01331329345703
306.9027404785156 370.24979400634766
309.9430923461914 379.7655792236328
312.1996841430664 389.49708557128906
313.6602478027344 399.37818908691406
314.3218078613281 409.34576416015625
314.20597076416016 419.3350372314453
313.3496551513672 429.28782653808594
311.7191467285156 439.1427917480469
309.2846908569336 448.83062744140625
306.02811431884766 458.2735137939453
301.9482727050781 467.3914337158203
297.0599060058594 476.10130310058594
291.3963623046875 484.3287353515625
285.0067596435547 492.00621032714844
277.9523696899414 499.0775604248047
270.3048553466797 505.5033264160156
262.1386489868164 511.2561340332031
253.52989959716797 516.3238067626953
244.55255889892578 520.7052459716797
244.9941177368164 522.6557769775391
254.9722671508789 523.1531372070312
264.90118408203125 524.2605133056641
274.7333526611328 526.0269775390625
284.39933013916016 528.5483856201172
293.77906799316406 531.9775848388672
302.65782928466797 536.5413055419922
310.63108825683594 542.5365905761719
316.9783706665039 550.2136077880859
322.5569763183594 556.0643310546875
331.93792724609375 552.6273956298828
341.1277389526367 548.7072906494141
350.1014633178711 544.3147277832031
358.8326873779297 539.4587707519531
367.29708099365234 534.1515045166016
375.4688720703125 528.4033660888672
383.3219223022461 522.2272186279297
390.82872009277344 515.635009765625
397.96250915527344 508.640380859375
404.69273376464844 504.9357452392578
411.2609100341797 512.4655914306641
417.8292694091797 519.9957122802734
424.39744567871094 527.5256042480469
430.9654846191406 535.0553131103516
437.53375244140625 542.5852508544922
444.10169982910156 550.1149139404297
450.66969299316406 557.6445770263672
457.23805236816406 565.1746520996094
466.8549346923828 566
476.84759521484375 566
486.8393859863281 566
496.83213806152344 566
506.8243408203125 566
516.8163604736328 566
526.8083343505859 566
530.3989868164062 558.8951416015625
528.8011627197266 549.0892486572266
523.4012908935547 540.7762145996094
515.2280578613281 535.1051177978516
505.83941650390625 531.7398223876953
496.00962829589844 529.9886474609375
486.03871154785156 529.4111785888672
478.1048889160156 527.1969757080078
476.2845458984375 517.3725433349609
474.46424865722656 507.5480194091797
472.64385986328125 497.7232666015625
478.8737487792969 491.17413330078125
486.4930877685547 484.7160949707031
493.4027557373047 477.5047149658203
499.49485778808594 469.5909423828125
504.6866760253906 461.0600128173828
508.9322052001953 452.01959228515625
512.2224731445312 442.58966064453125
514.5784912109375 432.8830108642578
516.0406799316406 423.0019073486328
516.6558685302734 413.0311279296875
516.4579315185547 403.04405212402344
515.4398651123047 393.1078338623047
518.6820678710938 387.3869094848633
528.6257019042969 386.4478988647461
538.4336090087891 384.5579528808594
548.0240325927734 381.76806640625
557.3162689208984 378.10433197021484
566.2115325927734 373.56299591064453
574.571533203125 368.10052490234375
582.168212890625 361.6227569580078
588.5770874023438 353.9774627685547
592.9314270019531 345.02742767333984
593.6640777587891 335.14849853515625
517.18408203125 321.25484466552734
510.1268310546875 314.6091003417969
510.46287536621094 304.92066955566406
517.9643859863281 298.7803421020508
527.5254211425781 300.3759460449219
532.6320495605469 308.6137924194336
529.8119506835938 317.88746643066406
